match	mismatch	repmatch	N's	qgapcount	qgapbases	tgapcount	tgapbases	strand	qname	qsize	qstart	qend	tname	tsize	tstart	tend	blockcount	blocksizes	qstarts	tstarts	qseqs	tseqs
FLUSH2
50	0	0	0	0	0	0	0	+	miCHR1+P1142452:50	50	0	50	chr1	247249719	1092391	1092441	1	50,	0,	1092391,
50	0	0	0	0	0	0	0	+	miCHR1+P1142448:50	50	0	50	chr1	247249719	1092387	1092437	1	50,	0,	1092387,
50	0	0	0	0	0	0	0	+	miCHR1+P1142443:50	50	0	50	chr1	247249719	1092382	1092432	1	50,	0,	1092382,
51	0	0	0	0	0	0	0	+	miCHR1+P1142440:51	51	0	51	chr1	247249719	1092379	1092430	1	51,	0,	1092379,
51	0	0	0	0	0	0	0	+	miCHR1+P1142433:51	51	0	51	chr1	247249719	1092372	1092423	1	51,	0,	1092372,
48	0	0	0	0	0	0	0	+	miCHR1+P1142428:48	48	0	48	chr1	247249719	1092367	1092415	1	48,	0,	1092367,
50	0	0	0	0	0	0	0	+	miCHR1+P1142409:50	50	0	50	chr1	247249719	1092348	1092398	1	50,	0,	1092348,
46	0	0	0	0	0	0	0	+	miCHR1+P1143209:46	46	0	46	chr1	247249719	1093148	1093194	1	46,	0,	1093148,
46	0	0	0	0	0	0	0	+	miCHR1+P1143202:46	46	0	46	chr1	247249719	1093141	1093187	1	46,	0,	1093141,
48	0	0	0	0	0	0	0	+	miCHR1+P1143192:48	48	0	48	chr1	247249719	1093131	1093179	1	48,	0,	1093131,
45	0	0	0	0	0	0	0	+	miCHR1+P1143187:45	45	0	45	chr1	247249719	1093126	1093171	1	45,	0,	1093126,
49	0	0	0	0	0	0	0	+	miCHR1+P1143182:49	49	0	49	chr1	247249719	1093121	1093170	1	49,	0,	1093121,
48	0	0	0	0	0	0	0	+	miCHR1+P1143179:48	48	0	48	chr1	247249719	1093118	1093166	1	48,	0,	1093118,
50	0	0	0	0	0	0	0	-	miCHR1-P9145996:50	50	0	50	chr1	247249719	9134316	9134366	1	50,	0,	9134316,
50	0	0	0	0	0	0	0	-	miCHR1-P9145997:50	50	0	50	chr1	247249719	9134317	9134367	1	50,	0,	9134317,
51	0	0	0	0	0	0	0	-	miCHR1-P9145999:51	51	0	51	chr1	247249719	9134319	9134370	1	51,	0,	9134319,
51	0	0	0	0	0	0	0	-	miCHR1-P9146001:51	51	0	51	chr1	247249719	9134321	9134372	1	51,	0,	9134321,
52	0	0	0	0	0	0	0	-	miCHR1-P9146004:52	52	0	52	chr1	247249719	9134324	9134376	1	52,	0,	9134324,
48	0	0	0	0	0	0	0	-	miCHR1-P9146022:48	48	0	48	chr1	247249719	9134342	9134390	1	48,	0,	9134342,
49	0	0	0	0	0	0	0	-	miCHR1-P9146029:49	49	0	49	chr1	247249719	9134349	9134398	1	49,	0,	9134349,
48	0	0	0	0	0	0	0	-	miCHR1-P9146044:48	48	0	48	chr1	247249719	9134364	9134412	1	48,	0,	9134364,
51	0	0	0	0	0	0	0	-	miCHR1-P9146048:51	51	0	51	chr1	247249719	9134368	9134419	1	51,	0,	9134368,
38	0	0	0	0	0	0	0	+	miCHR1+P12501570:38	38	0	38	chr1	247249719	12489890	12489928	1	38,	0,	12489890,
47	0	0	0	0	0	0	0	+	miCHR1+P27845152:47	47	0	47	chr1	247249719	28033596	28033643	1	47,	0,	28033596,
47	0	0	0	0	0	0	0	+	miCHR1+P27845150:47	47	0	47	chr1	247249719	28033594	28033641	1	47,	0,	28033594,
43	0	0	0	0	0	0	0	+	miCHR1+P27845144:43	43	0	43	chr1	247249719	28033588	28033631	1	43,	0,	28033588,
46	0	0	0	0	0	0	0	+	miCHR1+P27845136:46	46	0	46	chr1	247249719	28033580	28033626	1	46,	0,	28033580,
45	0	0	0	0	0	0	0	+	miCHR1+P27845135:45	45	0	45	chr1	247249719	28033579	28033624	1	45,	0,	28033579,
45	0	0	0	0	0	0	0	+	miCHR1+P27845133:45	45	0	45	chr1	247249719	28033577	28033622	1	45,	0,	28033577,
41	0	0	0	0	0	0	0	+	miCHR1+P27845132:41	41	0	41	chr1	247249719	28033576	28033617	1	41,	0,	28033576,
44	0	0	0	0	0	0	0	+	miCHR1+P27845120:44	44	0	44	chr1	247249719	28033564	28033608	1	44,	0,	28033564,
41	0	0	0	0	0	0	0	+	miCHR1+P27845099:41	41	0	41	chr1	247249719	28033543	28033584	1	41,	0,	28033543,
47	0	0	0	0	0	0	0	+	miCHR1+P27845088:47	47	0	47	chr1	247249719	28033532	28033579	1	47,	0,	28033532,
48	0	0	0	0	0	0	0	+	miCHR1+P27845081:48	48	0	48	chr1	247249719	28033525	28033573	1	48,	0,	28033525,
54	0	0	0	0	0	0	0	+	miCHR1+P27845073:54	54	0	54	chr1	247249719	28033517	28033571	1	54,	0,	28033517,
51	0	0	0	0	0	0	0	+	miCHR1+P27845069:51	51	0	51	chr1	247249719	28033513	28033564	1	51,	0,	28033513,
50	0	0	0	0	0	0	0	+	miCHR1+P27845068:50	50	0	50	chr1	247249719	28033512	28033562	1	50,	0,	28033512,
50	0	0	0	0	0	0	0	+	miCHR1+P27845065:50	50	0	50	chr1	247249719	28033509	28033559	1	50,	0,	28033509,
50	0	0	0	0	0	0	0	+	miCHR1+P27845063:50	50	0	50	chr1	247249719	28033507	28033557	1	50,	0,	28033507,
49	0	0	0	0	0	0	0	+	miCHR1+P27845055:49	49	0	49	chr1	247249719	28033499	28033548	1	49,	0,	28033499,
41	0	0	0	0	0	0	0	-	miCHR1-P28725910:41	41	0	41	chr1	247249719	28777880	28777921	1	41,	0,	28777880,
46	0	0	0	0	0	0	0	-	miCHR1-P28726893:46	46	0	46	chr1	247249719	28778863	28778909	1	46,	0,	28778863,
50	0	0	0	0	0	0	0	-	miCHR1-P28726898:50	50	0	50	chr1	247249719	28778868	28778918	1	50,	0,	28778868,
51	0	0	0	0	0	0	0	-	miCHR1-P28726904:51	51	0	51	chr1	247249719	28778874	28778925	1	51,	0,	28778874,
48	0	0	0	0	0	0	0	-	miCHR1-P28726908:48	48	0	48	chr1	247249719	28778878	28778926	1	48,	0,	28778878,
50	0	0	0	0	0	0	0	-	miCHR1-P28726909:50	50	0	50	chr1	247249719	28778879	28778929	1	50,	0,	28778879,
50	0	0	0	0	0	0	0	-	miCHR1-P28726910:50	50	0	50	chr1	247249719	28778880	28778930	1	50,	0,	28778880,
49	0	0	0	0	0	0	0	-	miCHR1-P28726912:49	49	0	49	chr1	247249719	28778882	28778931	1	49,	0,	28778882,
46	0	0	0	0	0	0	0	-	miCHR1-P28726916:46	46	0	46	chr1	247249719	28778886	28778932	1	46,	0,	28778886,
45	0	0	0	0	0	0	0	-	miCHR1-P28726923:45	45	0	45	chr1	247249719	28778893	28778938	1	45,	0,	28778893,
45	0	0	0	0	0	0	0	-	miCHR1-P28726924:45	45	0	45	chr1	247249719	28778894	28778939	1	45,	0,	28778894,
40	0	0	0	0	0	0	0	-	miCHR1-P28726931:40	40	0	40	chr1	247249719	28778901	28778941	1	40,	0,	28778901,
42	0	0	0	0	0	0	0	-	miCHR1-P28726949:42	42	0	42	chr1	247249719	28778919	28778961	1	42,	0,	28778919,
41	0	0	0	0	0	0	0	-	miCHR1-P28726951:41	41	0	41	chr1	247249719	28778921	28778962	1	41,	0,	28778921,
40	0	0	0	0	0	0	0	-	miCHR1-P28726957:40	40	0	40	chr1	247249719	28778927	28778967	1	40,	0,	28778927,
40	0	0	0	0	0	0	0	-	miCHR1-P28726962:40	40	0	40	chr1	247249719	28778932	28778972	1	40,	0,	28778932,
41	0	0	0	0	0	0	0	-	miCHR1-P28726972:41	41	0	41	chr1	247249719	28778942	28778983	1	41,	0,	28778942,
47	0	0	0	0	0	0	0	-	miCHR1-P28726975:47	47	0	47	chr1	247249719	28778945	28778992	1	47,	0,	28778945,
53	0	0	0	0	0	0	0	-	miCHR1-P28727509:53	53	0	53	chr1	247249719	28779479	28779532	1	53,	0,	28779479,
50	0	0	0	0	0	0	0	-	miCHR1-P28727522:50	50	0	50	chr1	247249719	28779492	28779542	1	50,	0,	28779492,
49	0	0	0	0	0	0	0	-	miCHR1-P28727530:49	49	0	49	chr1	247249719	28779500	28779549	1	49,	0,	28779500,
49	0	0	0	0	0	0	0	-	miCHR1-P28727533:49	49	0	49	chr1	247249719	28779503	28779552	1	49,	0,	28779503,
48	0	0	0	0	0	0	0	-	miCHR1-P28727537:48	48	0	48	chr1	247249719	28779507	28779555	1	48,	0,	28779507,
53	0	0	0	0	0	0	0	-	miCHR1-P28727548:53	53	0	53	chr1	247249719	28779518	28779571	1	53,	0,	28779518,
50	3	0	0	0	0	0	0	-	miCHR1-P28727548:53	53	0	53	chr1	247249719	149766968	149767021	1	53,	0,	149766968,
53	0	0	0	0	0	0	0	-	miCHR1-P28727553:53	53	0	53	chr1	247249719	28779523	28779576	1	53,	0,	28779523,
47	1	0	0	0	0	0	0	-	miCHR1-P28727553:53	53	0	48	chr1	247249719	149766978	149767026	1	48,	5,	149766978,
52	0	0	0	0	0	0	0	-	miCHR1-P28727558:52	52	0	52	chr1	247249719	28779528	28779580	1	52,	0,	28779528,
50	1	0	0	0	0	0	0	-	miCHR1-P28727558:52	52	1	52	chr1	247249719	149766978	149767029	1	51,	0,	149766978,
50	0	0	0	0	0	0	0	-	miCHR1-P28727562:50	50	0	50	chr1	247249719	28779532	28779582	1	50,	0,	28779532,
46	1	0	0	0	0	0	0	-	miCHR1-P28727562:50	50	3	50	chr1	247249719	149766982	149767029	1	47,	0,	149766982,
55	0	0	0	0	0	0	0	-	miCHR1-P28727573:55	55	0	55	chr1	247249719	28779543	28779598	1	55,	0,	28779543,
36	0	0	0	0	0	0	0	-	miCHR1-P28727573:55	55	19	55	chr1	247249719	149766993	149767029	1	36,	0,	149766993,
49	0	0	0	0	0	0	0	-	miCHR1-P28727580:49	49	0	49	chr1	247249719	28779550	28779599	1	49,	0,	28779550,
29	0	0	0	0	0	0	0	-	miCHR1-P28727580:49	49	20	49	chr1	247249719	149767000	149767029	1	29,	0,	149767000,
54	0	0	0	0	0	0	0	-	miCHR1-P28727586:54	54	0	54	chr1	247249719	28779556	28779610	1	54,	0,	28779556,
31	0	0	0	0	0	0	0	-	miCHR1-P28728050:31	31	0	31	chr1	247249719	28780020	28780051	1	31,	0,	28780020,
45	0	0	0	0	0	0	0	-	miCHR1-P28728059:45	45	0	45	chr1	247249719	28780029	28780074	1	45,	0,	28780029,
44	0	0	0	0	0	0	0	-	miCHR1-P28728071:44	44	0	44	chr1	247249719	28780041	28780085	1	44,	0,	28780041,
41	0	0	0	0	0	0	0	-	miCHR1-P28728076:41	41	0	41	chr1	247249719	28780046	28780087	1	41,	0,	28780046,
41	0	0	0	0	0	0	0	-	miCHR1-P28728082:41	41	0	41	chr1	247249719	28780052	28780093	1	41,	0,	28780052,
43	0	0	0	0	0	0	0	-	miCHR1-P28728085:43	43	0	43	chr1	247249719	28780055	28780098	1	43,	0,	28780055,
44	0	0	0	0	0	0	0	-	miCHR1-P28728089:44	44	0	44	chr1	247249719	28780059	28780103	1	44,	0,	28780059,
41	0	0	0	0	0	0	0	-	miCHR1-P28728094:41	41	0	41	chr1	247249719	28780064	28780105	1	41,	0,	28780064,
44	3	0	0	0	0	0	0	+	miCHR1-P28728101:47	47	0	47	chr1	247249719	210592815	210592862	1	47,	0,	210592815,
47	0	0	0	0	0	0	0	-	miCHR1-P28728101:47	47	0	47	chr1	247249719	28780071	28780118	1	47,	0,	28780071,
43	2	0	0	0	0	0	0	+	miCHR1-P28728104:46	46	1	46	chr1	247249719	210592814	210592859	1	45,	1,	210592814,
46	0	0	0	0	0	0	0	-	miCHR1-P28728104:46	46	0	46	chr1	247249719	28780074	28780120	1	46,	0,	28780074,
47	0	0	0	0	0	0	0	-	miCHR1-P31077629:47	47	0	47	chr1	247249719	31194551	31194598	1	47,	0,	31194551,
47	0	0	0	0	0	0	0	-	miCHR1-P31077629:47	47	0	47	chr1	247249719	31181122	31181169	1	47,	0,	31181122,
45	0	0	0	0	0	0	0	-	miCHR1-P31077633:45	45	0	45	chr1	247249719	31194555	31194600	1	45,	0,	31194555,
45	0	0	0	0	0	0	0	-	miCHR1-P31077633:45	45	0	45	chr1	247249719	31181126	31181171	1	45,	0,	31181126,
45	0	0	0	0	0	0	0	-	miCHR1-P31077635:45	45	0	45	chr1	247249719	31194557	31194602	1	45,	0,	31194557,
45	0	0	0	0	0	0	0	-	miCHR1-P31077635:45	45	0	45	chr1	247249719	31181128	31181173	1	45,	0,	31181128,
43	0	0	0	0	0	0	0	-	miCHR1-P31077640:43	43	0	43	chr1	247249719	31194562	31194605	1	43,	0,	31194562,
43	0	0	0	0	0	0	0	-	miCHR1-P31077640:43	43	0	43	chr1	247249719	31181133	31181176	1	43,	0,	31181133,
40	0	0	0	0	0	0	0	-	miCHR1-P31077647:40	40	0	40	chr1	247249719	31194569	31194609	1	40,	0,	31194569,
40	0	0	0	0	0	0	0	-	miCHR1-P31077647:40	40	0	40	chr1	247249719	31181140	31181180	1	40,	0,	31181140,
43	0	0	0	0	0	0	0	-	miCHR1-P31077654:43	43	0	43	chr1	247249719	31194576	31194619	1	43,	0,	31194576,
43	0	0	0	0	0	0	0	-	miCHR1-P31077654:43	43	0	43	chr1	247249719	31181147	31181190	1	43,	0,	31181147,
46	0	0	0	0	0	0	0	-	miCHR1-P31077662:46	46	0	46	chr1	247249719	31194584	31194630	1	46,	0,	31194584,
46	0	0	0	0	0	0	0	-	miCHR1-P31077662:46	46	0	46	chr1	247249719	31181155	31181201	1	46,	0,	31181155,
47	0	0	0	0	0	0	0	-	miCHR1-P31091058:47	47	0	47	chr1	247249719	31194551	31194598	1	47,	0,	31194551,
47	0	0	0	0	0	0	0	-	miCHR1-P31091058:47	47	0	47	chr1	247249719	31181122	31181169	1	47,	0,	31181122,
45	0	0	0	0	0	0	0	-	miCHR1-P31091062:45	45	0	45	chr1	247249719	31194555	31194600	1	45,	0,	31194555,
45	0	0	0	0	0	0	0	-	miCHR1-P31091062:45	45	0	45	chr1	247249719	31181126	31181171	1	45,	0,	31181126,
45	0	0	0	0	0	0	0	-	miCHR1-P31091064:45	45	0	45	chr1	247249719	31194557	31194602	1	45,	0,	31194557,
45	0	0	0	0	0	0	0	-	miCHR1-P31091064:45	45	0	45	chr1	247249719	31181128	31181173	1	45,	0,	31181128,
43	0	0	0	0	0	0	0	-	miCHR1-P31091069:43	43	0	43	chr1	247249719	31194562	31194605	1	43,	0,	31194562,
43	0	0	0	0	0	0	0	-	miCHR1-P31091069:43	43	0	43	chr1	247249719	31181133	31181176	1	43,	0,	31181133,
40	0	0	0	0	0	0	0	-	miCHR1-P31091076:40	40	0	40	chr1	247249719	31194569	31194609	1	40,	0,	31194569,
40	0	0	0	0	0	0	0	-	miCHR1-P31091076:40	40	0	40	chr1	247249719	31181140	31181180	1	40,	0,	31181140,
43	0	0	0	0	0	0	0	-	miCHR1-P31091083:43	43	0	43	chr1	247249719	31194576	31194619	1	43,	0,	31194576,
43	0	0	0	0	0	0	0	-	miCHR1-P31091083:43	43	0	43	chr1	247249719	31181147	31181190	1	43,	0,	31181147,
46	0	0	0	0	0	0	0	-	miCHR1-P31091091:46	46	0	46	chr1	247249719	31194584	31194630	1	46,	0,	31194584,
46	0	0	0	0	0	0	0	-	miCHR1-P31091091:46	46	0	46	chr1	247249719	31181155	31181201	1	46,	0,	31181155,
53	0	0	0	0	0	0	0	-	miCHR1-P31110105:53	53	0	53	chr1	247249719	31213598	31213651	1	53,	0,	31213598,
53	0	0	0	0	0	0	0	-	miCHR1-P31110109:53	53	0	53	chr1	247249719	31213602	31213655	1	53,	0,	31213602,
53	0	0	0	0	0	0	0	-	miCHR1-P31110111:53	53	0	53	chr1	247249719	31213604	31213657	1	53,	0,	31213604,
54	0	0	0	0	0	0	0	-	miCHR1-P31110116:54	54	0	54	chr1	247249719	31213609	31213663	1	54,	0,	31213609,
50	0	0	0	0	0	0	0	-	miCHR1-P31110121:50	50	0	50	chr1	247249719	31213614	31213664	1	50,	0,	31213614,
