76496472
53831995
23510448
23199991
22907039
21361403
17975597
9910382
7657508
7657455
6466450
5032087
4506649
4506411
4506407
4504981
4504437
4503523
4503291
4503093
4502969
108860681
73915096
73915094
73915092
73915090
66932916
54112407
52486251
52486194
51317366
32967514
32967268
32967266
32967264
32967262
32967260
32967254
32451486
22209009
20986531
19924111
18104952
18104950
16445027
13399304
13194201
6005850
5174711
4557795
4557269
4506381
4504185
4503841
51093859
21361077
74275352
74275350
54873619
27477113
22907044
15451786
4826992
4758476
4557781
4505905
4505681
4503063
133925805
133925803
133925801
133925799
72534682
7657504
88758590
31542641
11321642
82546845
56788364
22095335
82546843
23110980
13399298
58331148
50348666
37574728
37574726
20128774
17105400
7549811
4557361
4505807
4505185
4502879
88758603
88758600
88501741
82546879
78214518
73390140
68509921
66346662
66346660
66346654
61835217
61835204
56699465
51477700
51317376
51317349
51243059
50959132
48527952
47717139
46249373
46249371
46249369
46249367
38201710
23238219
23238208
21536485
21071010
19924109
17505193
17402888
14110395
13129114
13027630
9945439
7669490
4885637
4885371
4885225
4759160
4503327
4501877
5921992
5729903
4507513
4506335
51093861
48255970
4504991
4502713
22907025
10092621
4885153
23110984
7656942
4826798
17402865
7706509
28376621
27923592
22907041
9789865
7110715
6912458
6552328
6005990
4507951
4503059
50345997
5902104
4503445
48527954
9558729
4502411
30089919
29837655
4559408
118640873
21536461
34734068
34734066
34734064
34734062
89191858
89191856
88501740
88501738
87159818
87159816
74229029
74229027
73858566
66346658
66346656
56699463
55956910
55956801
47519798
44955888
44955885
41281798
40805836
38157976
34452717
33598937
33469976
33469974
32880229
31652244
31652242
31317220
31317218
31317214
29501813
29029552
29029550
27881484
27545326
27477045
26638659
24586659
24497451
24497447
24041014
23957702
23510389
23510387
23397670
23238258
23238256
23238254
23238226
23111003
23110974
23110970
23110966
23065529
23065526
22547215
22547212
22035700
22035698
22035696
22035672
22035657
22035653
22035650
22035648
22035646
22035644
22035642
22035572
22027653
22027651
22027486
21955158
21735616
21735614
21312134
21237732
20127556
20070255
19924167
19924141
19924105
19923777
19923626
19923553
19923193
19913398
19913396
19913394
18158228
17196626
16418341
15208654
15147238
14670366
14670364
14670362
14670360
14589896
14251207
14249398
13787204
13562090
13540513
13489091
13470094
13449281
11527390
10835109
9558721
9507239
8392830
8051618
8051611
7706537
7661862
7657633
7657530
7657473
7657118
7656973
7656967
7382493
7110697
7019567
7019505
6978649
6912594
6912492
6912490
6857824
6857802
5902040
5174703
5174641
5174633
5174405
5031869
4885535
4885477
4885363
4885055
4826860
4759154
4758664
4758432
4758088
4758074
4758050
4557861
4507789
4507635
4507431
4505399
4504665
4504073
4504051
4503907
4503061
4502317
4502247
4501867
113430873
23238261
