115650
64976
29802
10369
10343
5155
2547
54456
51816
29799
29775
27156
27128
25830
25828
25812
23264
23209
10291
8940
8911
6300
5008
3761
1120
84271
80339
79087
56993
55687
55615
51733
25793
25776
8897
7533
10043
7494
7477
7441
6122
4809
3560
3543
3542
3541
3540
3539
3538
3537
3535
164656
150372
85378
85359
84097
84091
84090
84089
51586
51512
22969
11200
9997
9978
8664
7353
7332
4771
2192
2130
83999
56666
11158
11144
11135
8542
8508
7290
7263
5905
5902
4689
4668
2033
706
553158
60489
53947
11078
11020
11015
8484
8459
7122
5880
5816
638
637
616
613
56478
9647
9620
8398
8318
7078
7008
3162
1890
529
386593
140883
96610
83642
9582
9567
9514
8224
8220
8218
8216
8214
6948
6942
5625
5600
4357
4330
4320
3053
3005
1727
468
421
410
129026
129025
84844
23780
23779
23774
23765
23764
23762
23760
23759
23751
10762
9463
9402
6899
5594
4282
4248
4242
2952
2928
1652
284904
266703
266701
266700
140606
114657
91219
84700
80833
80832
80831
80830
28834
28833
28832
28831
28830
28829
28828
28827
28826
28825
28824
28823
28822
28821
28820
28819
28818
28817
28816
28815
28814
28813
28812
28811
28810
28809
28808
28807
28806
28805
28804
28803
28802
28801
28800
26286
10634
9342
6767
6753
6721
5465
5435
5413
4174
4151
2847
2812
1568
1565
266629
200316
200315
140564
91179
28799
28798
28797
28796
28795
28794
28793
28792
28791
28790
28789
28788
28787
28786
28785
28784
28783
28781
28780
28779
28778
28777
28776
28775
28774
28773
28772
28771
28770
28769
28768
28767
28766
28765
28764
28763
28762
28761
28760
28759
28758
28757
23598
23551
23543
23542
23541
23532
23523
10587
10521
9215
6663
6634
5372
2781
1454
1439
1417
1415
1414
1413
162
158
157
135
89781
65078
55964
27350
27349
26088
23481
23467
23464
10454
9145
9127
6598
6525
5297
3985
3976
3957
3956
2687
2678
1399
1375
1312
50
49
